240
71
127
76
3
1
41
4
0
0
0
1
36
12
0
9
1
127
0
0
1
127
0
0
1
127
0
0
37
13
1
9
1
127
0
0
1
127
0
0
1
127
0
0
38
14
2
9
1
127
0
0
1
127
0
0
1
127
0
0
39
15
3
9
1
127
0
0
1
127
0
0
1
127
0
0
40
16
4
9
1
127
0
0
1
127
0
0
1
127
0
0
41
17
5
9
1
127
0
0
1
127
0
0
1
127
0
0
42
18
6
9
1
127
0
0
1
127
0
0
1
127
0
0
43
19
7
9
1
127
0
0
1
127
0
0
1
127
0
0
70
16
0
127
71
16
0
127
72
16
0
127
73
16
0
127
74
16
0
127
75
16
0
127
76
16
0
127
77
16
0
127
247
0
0
0
0
0
0
0
0
0
0
0
0
0
0
0
0
0
0
0
0
0
0
0
0
0
0
0
